0.624133 0.400627
0.345888 0.312545
0.423676 0.449779
0.371248 0.334133
0.401856 0.500063
0.346629 0.469585
0.358698 0.465169
0.219674 0.179588
0.6372 0.131017
0.174276 0.579898
0.506407 0.251631
0.538931 0.431625
0.419776 0.575049
0.898236 0.672726
0.262741 0.40346
0.360195 0.457583
0.447191 0.588474
0.53262 0.523171
0.354103 0.684019
0.627646 0.355547
0.323034 0.232983
0.677729 0.422685
0.479801 0.389684
0.444565 0.553621
0.290178 0.369188
0.371111 0.331908
0.697104 0.442699
0.513404 0.558593
0.448522 0.156309
0.351182 0.465516
0.332902 0.448004
0.562593 0.484375