17.7101 49.8232
4.91086 46.5642
8.48909 51.6418
6.07741 47.3629
7.48536 53.5023
4.94493 52.3746
5.50011 52.2113
-0.895008 41.6448
18.3112 39.8476
-2.98329 56.4562
12.2947 44.3103
13.7908 50.9701
8.30972 56.2768
30.3189 59.8909
1.0861 49.928
5.56899 51.9306
9.57078 56.7735
13.5005 54.3573
5.28874 60.3087
17.8717 48.1552
3.85955 43.6204
20.1755 50.6393
11.0708 49.4183
9.44998 55.484
2.34821 48.66
6.07109 47.2806
21.0668 51.3799
12.6166 55.6679
9.632 40.7834
5.15436 52.2241
4.31349 51.5762
14.8793 52.9219