0.647359 0.996995
0.217516 0.914535
0.334069 0.266088
0.471341 0.836458
0.5254 0.0725461
0.0531254 0.262642
0.399356 0.796969
0.673077 0.737176
0.842684 0.808349
0.0604466 0.263833
0.829835 0.555277
0.965325 0.937313
0.175057 0.224762
0.526346 0.584688
0.491644 0.945148
0.217115 0.766763
0.561758 0.924593
0.826044 0.81945
0.00789179 0.218187
0.717687 0.517782
0.623561 0.0477086
0.845665 0.317695
0.586793 0.790169
0.558522 0.588722
0.201388 0.625969
0.293811 0.938585
0.981068 0.0284453
0.715143 0.525727
0.922423 0.518831
0.0966936 0.155113
0.547379 0.953648
0.426535 0.967105